                type      size            lowest()               min()               max()  digits10
----------------------------------------------------------------------------------------------------
                bool         1                   0                   0                   1         0
                char         1                -128                -128                 127         2
             wchar_t         2                   0                   0               65535         4
               short         2              -32768              -32768               32767         4
                 int         4        -2.14748e+09        -2.14748e+09         2.14748e+09         9
                long         4        -2.14748e+09        -2.14748e+09         2.14748e+09         9
           long long         8        -9.22337e+18        -9.22337e+18         9.22337e+18        18
       unsigned char         1                   0                   0                 255         2
      unsigned short         2                   0                   0               65535         4
        unsigned int         4                   0                   0         4.29497e+09         9
       unsigned long         4                   0                   0         4.29497e+09         9
  unsigned long long         8                   0                   0         1.84467e+19        19
               float         4        -3.40282e+38         1.17549e-38         3.40282e+38         6
              double         8       -1.79769e+308        2.22507e-308        1.79769e+308        15
         long double        16      -1.18973e+4932        3.3621e-4932       1.18973e+4932        18
----------------------------------------------------------------------------------------------------
